199
400 200
399 199
398 198
397 197
396 196
395 195
394 194
393 193
392 192
391 191
390 190
389 189
388 188
387 187
386 186
385 185
384 184
383 183
382 182
381 181
380 180
379 179
378 178
377 177
376 176
375 175
374 174
373 173
372 172
371 171
370 170
369 169
368 168
367 167
366 166
365 165
364 164
363 163
362 162
361 161
360 160
359 159
358 158
357 157
356 156
355 155
354 154
353 153
352 152
351 151
350 150
349 149
348 148
347 147
346 146
345 145
344 144
343 143
342 142
341 141
340 140
339 139
338 138
337 137
336 136
335 135
334 134
333 133
332 132
331 131
330 130
329 129
328 128
327 127
326 126
325 125
324 124
323 123
322 122
321 121
320 120
319 119
318 118
317 117
316 116
315 115
314 114
313 113
312 112
311 111
310 110
309 109
308 108
307 107
306 106
305 105
304 104
303 103
302 102
301 101
300 100
299 99
298 98
297 97
296 96
295 95
294 94
293 93
292 92
291 91
290 90
289 89
288 88
287 87
286 86
285 85
284 84
283 83
282 82
281 81
280 80
279 79
278 78
277 77
276 76
275 75
274 74
273 73
272 72
271 71
270 70
269 69
268 68
267 67
266 66
265 65
264 64
263 63
262 62
261 61
260 60
259 59
258 58
257 57
256 56
255 55
254 54
253 53
252 52
251 51
250 50
249 49
248 48
247 47
246 46
245 45
244 44
243 43
242 42
241 41
240 40
239 39
238 38
237 37
236 36
235 35
234 34
233 33
232 32
231 31
230 30
229 29
228 28
227 27
226 26
225 25
224 24
223 23
222 22
221 21
220 20
219 19
218 18
217 17
216 16
215 15
214 14
213 13
212 12
211 11
210 10
209 9
208 8
207 7
206 6
205 5
204 4
203 3
202 2
1000000